16315,16031,16505,17825,16575,15509,17037
18738,19717,19966,19153,15971,16689,15870,19179,16465,17133,15772,16725,17930,19624,18902,17808,16820,15720,18001
15457,18433,18938,19089,19279,16905,15417,19406,15668,17212,16500,18313,17318,18559,18998,19163
18035,17670,16901,16207,19292,17444,18652,16021,19022
19441,17682,18410,15563,16466,18826,19477,16777,18447,19710,19651,16397,17690,19268
18677,19020,17367,17560,17580
17412,17479,17907,18791,17970,17714,16314,16256,16136,16539
18275,16086,15799,19621,16514,19988,19501,19210,18222,19784,16967,17808,18650,17334,17088,16821,17752,15379,16402,17575,18959,16435
19351,19581,18599,18256
19459,16652,17255,17859,16342,19824,19344,19358,18792,18434,17339,17599,19122,17862,17714
18320,19166,18721,18507,16714,19795,18837,17897,16016,15631
18675,16835,18214,15952,19027,17648,17760,17704,17141,16176,16313,19385,16998,16934
18060,17854,18479,17012,17501,16593,15397,17125,19474,16012,19031,19581,15930
15853,17470,18608,19161,17409,16025,19987,16565,18289,16788,19846
17669,18746,19207,18547,19800,15838,16820
19805,19382,15521,19134,17728,16703,16383
18198,17352,16731,17075,16992,18421
18310,18463,19915,16733,15469
15491,15603,15943,17240,18285,19570,18246,16871,16308,17992,15639
19548,17333,19157,19964,16468,18041,17888,16213
17710,19343,17593,16864,16716,18285,15435,17464,16981,16499,16620,19336,17790,16219,18698,18225,16860,16959
19784,16671,17121,19764
18187,15802,16645,15396,16024,15785,19137,16393
16107,16637,17288,17643,17211
15703,17245,19175,16016,18009
18527,16457,17832,15625,16465,19146,18518,18376,19381,15700,17870,16973,18325,18794,18157
19692,16602,18936,19172,18963,16876,18339,19582,15998,18770,19288,15978,16389,19729,19609,19489,16792
17595,15424,18327,16727,15491,17786,18931,18571,16246,17180,19438,15800
18026,19601,17179,16055,19233,15530,18933,16666,17401,19001,16968,18566,15956
17789,19477,18179,16066
16648,15492,15923,19973,18735,17077,18238,19516,16304,18339
15601,16764,16002,17218,17496,19575,19700,16649,15854,17578,16755,15619,17648,17302
20000,17096,16206,19264,17591,18159,15583,15896,19391,15877,17684,19229,17384
16060,18203,19641,16235,18284,16038,15625,16607,17616,17348
18659,18609,15401,15503,19013,19894,18157,18882
17598,15720,17350,16923,18031,16118,15813,17368,19187
18690,19390,16564,16411,16089,17383,19089,17839,19942,16310,15577
18193,17586,16588,19551,19600,18521,16736,18072,19513,19040,18567,15753,16487,18036,19156,19577,19742,19360,15963
19453,15466,16738,18010,16695,18151,17885,17520,19371,16420,15403,17207,15855,17177
15984,18215,17209,15455,18044
19923,19132,16611,18921,19278,18792,18644,15660,17452
15520,17497,16130,19557,19387,17745,19989,16218,16247,17933,16991,18055,19120,17973
17911,17932,18668,18290,19280
17650,19866,17190,17025,17550
15983,16840,17782,16899,16687,15986,18480,19101,17553,19604,18555
17133,19952,19285,15452,18806,17089,19398,15910,16764,19097,19077
17864,17500,16769,19646,18076,16235,16668
19832,17381,18914,17947,15459,18914,16852,17250,15730,19386,18123
15454,17557,19589,18445,19053,19181,19558,19935,18467,17562
19462,18489,19285,19163,19041,17617,19453,19182,17984,15755,17110,16259,17129,19598,15946,16944
18778,15603,15960,17168,19958,18586,17106,16149,18491
15481,18789,19054,19206,18233,18508,17258,16478,15615,18212,19286,17287,17879,15387,16648,19507,19726
15588,18953,18734,15511,16524,16877,16246
17945,17924,19915,17825,19128,17916,18412,18158,19654,19926,18145,18889,19361,19096
18618,19399,16459,17833,19981,16793,19314,18731,18149,19552,19857,17724,18382,19281
18649,16990,16062,16481,16001,19969,19709,17738,15767,19030,16017,16355,19575,16431,19414,17985,17290,19279,16185,18426
19786,16003,19669,18952,15460,16202,19921,16152,17771,19770
17574,19143,19927,18401,17842,17823,19715,15466,16028,15690
17618,17503,18638,16418,18730,16247,17769,15694,15705,15883,19877,18623,19563,18564,16760,17203,19915,15982,16072
17200,17852,16920,18270,17492,15737,15651,17021,17078,17136,17425,19088,19401
16065,18991
19288,16335,16046,16114,19020,18082,19659,18173,15691,19839,17268
15926,17265,18686,16671,19651,16755,19010,15394,18943,15914,16668
17510,15623,18967,19447,16396,18394,18791,15741,18820,16238,16769,17864
17743,16294,18179,16796,19719,16307,18928,19723,16349,18706
19304,17374,18016,18393,17386
16747,19540,15592,19501,19345,17398,18590
17231,18328,17991,16829,15874,15985,17992,15579
17928,15445,17187,18479,17217,17682,18504,17553,18589,16554,16527,17075,19500,16354,16247,16520,17423
