11365,13155,5788,353,173,2553,4510,16315,10549,901,11777,5203,10806,16031,NA,11841,2509,11231,2602,16505,NA,13130,5025,17825,16575,1528,6218,8138,15509,17037
1116,1518,10527,5912,10711,8228,3121,2822,18738,9446,6384,3223,9253,15069,7944,19717,19966,19153,4941,NA,4154,15971,16689,5927,10593,5530,903,11845,4878,15236,12000,15870,19179,9647,16465,9994,3347,14351,17133,15772,1537,16725,4472,11428,10182,492,6507,13430,17930,7049,8781,19624,5349,NA,18902,17808,16820,15720,18001
4389,15457,8101,11131,18433,18938,7945,8585,19089,3567,54,65,493,2676,11232,12793,6532,19279,3329,NA,4500,11979,NA,4092,8891,NA,1597,8738,16905,8822,11010,9056,14112,5720,15417,1707,13800,5261,1671,11215,503,19406,15129,3283,NA,11315,6373,15668,10467,14613,11241,17212,2047,14494,3853,1698,2939,16500,7327,18313,4107,2315,NA,17318,11404,8004,8781,8540,7006,4563,1140,8501,18559,18998,1626,19163,7490
15106,18035,17670,6002,16901,3003,5400,13260,3698,5999,14688,9,16207,611,10678,8989,4054,4575,14124,9978,14083,4017,5986,7446,8399,5771,455,7497,4444,7703,11195,19292,NA,1641,6429,1759,NA,17444,13234,11050,710,2795,15152,18652,9657,16021,11939,14315,19022,7981,12551,NA,8841,790,8437,9022,6059
4148,19441,4897,10624,14606,7483,6400,3471,14797,2437,2137,14176,11290,4264,NA,17682,9923,1489,2589,6247,9844,NA,18410,15563,8954,3000,16466,18826,1142,9159,NA,19477,3783,10370,16777,18447,10531,19710,82,14742,683,NA,14612,3916,6269,12136,3168,14412,19651,16397,4100,17690,19268
959,12037,12456,10268,18677,12202,253,1831,12996,6930,11654,9084,6208,7900,11200,13765,11124,NA,3043,19020,7209,11683,2972,4256,17367,11774,3643,1517,13387,17560,3483,17580
11053,14375,15354,3642,14209,17412,2628,496,1355,4052,17479,7343,17907,NA,5677,7149,14240,18791,5633,5526,6163,1716,7656,15343,10656,17970,12820,10891,17714,7025,5915,16314,5355,12978,1272,8341,10188,5679,4025,NA,16256,9802,14954,10353,8506,15001,10081,NA,5467,16136,NA,11183,4809,NA,9493,4225,557,4719,4778,11474,9113,16539
15163,13326,10585,9884,9696,18275,16086,4395,6219,12748,15799,10320,5081,2643,3520,19621,8841,16514,19988,10542,19501,1414,12472,2388,19210,10156,7184,18222,15234,NA,1418,8236,19784,13085,6403,5212,16967,NA,18650,13419,17334,17088,2595,9911,9157,16821,17752,5229,15379,10460,NA,9789,16402,5572,874,3474,13113,6494,17575,14145,2671,6633,1334,18959,16435,12380,14293,13070
14909,19351,11580,4468,5882,1711,3940,954,11828,19581,5656,2628,6833,14533,2849,13493,18599,7880,4363,18256,1532,14930
1103,7430,12579,5765,19459,15349,535,6874,7837,4493,16652,NA,17859,16342,19824,19344,19358,1464,15284,12662,4129,2735,18792,3555,4725,2738,18434,10370,NA,5170,14050,5960,17339,17599,2622,19122,12749,7092,1564,10116,9761,17862,17714,12715,7225
15320,18320,4317,11806,10177,19166,18721,2630,18507,16714,9910,2180,1520,8458,NA,19795,18837,4714,8438,17897,1060,6354,13647,5743,16016,5421,13976,14615,15631
6203,12751,8009,18675,10708,16835,7845,4826,9123,2363,6402,7074,200,18214,1380,451,15952,6477,15257,12382,1458,14269,19027,12426,2374,10539,9104,12958,17648,928,12243,17760,6693,17704,17141,NA,15212,3656,12493,3456,16313,8233,14575,9650,12690,14850,19385,7387,4721,4720,9686,16998,NA,10940,7926,7791,8976,2563,16934,2102
15046,5549,4569,5937,3283,18060,9691,193,17854,5239,18479,9201,NA,2310,10924,17012,11789,17501,5124,4525,5562,13080,16593,6687,1037,8418,14603,7471,15397,14140,NA,329,10274,9959,17125,4409,10999,19474,72,12994,NA,19031,8382,NA,9886,NA,10749,19581,NA,3531,NA,13896,15930,6256,6942,510,3890,5924,1940
9632,9288,15025,5019,15853,17470,15006,18608,10390,1294,6105,7653,8176,1392,2718,14760,13521,19161,8531,11824,4397,2036,7337,13637,4733,17409,744,1400,12475,16025,19987,12543,1156,13277,1431,6326,14411,11574,16565,NA,926,18289,11036,815,8310,16788,1970,4396,NA,66,19846,11684,8693,14302,14167,11190,885,42,10697,4904,15140,4880,11918
17669,6089,10351,13982,18746,4176,3835,1319,19207,6150,13542,15249,18547,19800,9543,10545,3836,3483,NA,1079,9710,1675,13259,15838,16820
13095,8534,11835,19805,13232,19382,7229,15521,7439,7138,19134,2480,NA,12688,1327,17728,1233,16703,5991,3070,11326,6257,3272,16383,15198,2593
9377,18198,17352,884,7228,2790,7083,11486,16731,10366,17075,9527,9568,NA,664,823,16992,18421,4030,13036
4276,4771,5604,8583,3786,15120,8525,4470,9303,9240,9209,9110,18310,NA,3789,1935,18463,4520,11629,19915,4402,1400,14417,14430,4651,2054,10729,15345,16733,15469,1313,8361
12139,6570,15491,15603,15943,6427,17240,11450,8583,6658,2161,18285,19570,12566,3452,4095,916,NA,5330,14537,13123,NA,13887,878,2476,NA,10877,NA,9559,11853,3140,NA,4162,12705,7437,6659,18246,12247,12865,16871,16308,17992,15639,6518,6838,10418,5278,11646,5411,2640,5468
7247,1488,5818,14775,7920,8496,1283,19548,468,6568,1430,17333,4433,NA,13214,2521,7635,5507,12238,11692,1561,7001,19157,890,11158,19964,6550,13604,7371,1303,371,16468,8348,6539,12715,1169,3302,18041,17888,3931,4382,4284,6479,8903,16213,4862,3692,1793,8069,13749,1876,3778,6508,4194
17710,4020,11464,12978,3303,3292,15075,19343,6609,12774,13229,10176,17593,11256,13760,11302,16864,4198,6592,NA,4383,9956,11835,13210,NA,16716,13766,18285,9636,2934,12219,15435,17464,NA,16499,16620,9052,7959,6991,11744,8174,5572,NA,15223,10151,19336,14361,5754,10945,17790,13740,NA,18698,3283,15028,6509,9459,6099,5900,1032,NA,7157,18225,NA,9356,14538,11990,16860,14736,11589,7130,2574,5340,16959,10862,14713,10046
13336,5810,11422,8016,19784,14226,2985,199,16671,6907,9692,6316,17121,11666,8298,10987,1629,9344,10141,11101,19764,14171
7272,5491,2610,4243,18187,5557,4319,13483,6833,10966,2772,15802,2498,NA,7511,794,7940,2751,15009,NA,13513,8441,16645,15396,4285,13109,NA,12699,16024,12083,NA,108,4216,7626,10430,583,15785,13914,NA,6258,8768,3150,469,8523,13796,8000,505,19137,1420,3593,16393,8900,9729,14517,8898
14422,14372,2435,11111,7559,12834,6517,2926,16107,1194,16637,6155,12984,209,NA,131,6057,4388,1039,17288,17643,2338,17211,4296
10515,15104,2904,9667,5382,13672,15703,17245,12402,19175,830,1807,16016,696,2433,9384,18009,12578,13210,12679
12033,18527,16457,5774,17832,15625,12697,16465,14148,11336,9245,NA,12987,NA,1836,19146,9122,1329,9913,11968,4064,1234,1417,NA,1040,5798,12463,10282,10975,2163,18518,11877,8028,4614,10986,8878,3184,9377,4495,9018,NA,12574,8639,NA,8207,1758,134,4608,18376,2476,9988,19381,10355,NA,5412,13243,6485,12102,2419,14217,958,15700,5592,17870,879,7690,11561,9313,4439,16973,6693,NA,18325,8540,18794,12543,18157
3964,5720,19692,16602,2492,18936,4213,19172,4440,18963,16876,13867,812,10350,7500,13848,3375,13969,9319,NA,1798,11641,10262,4157,9679,NA,11316,NA,18339,6091,3589,9637,167,1187,13280,19582,15998,8103,2272,18770,19288,5351,6823,5037,13153,6927,12792,12581,14588,7781,NA,12924,11016,15978,NA,5312,14189,8935,578,11785,3461,16389,19729,NA,19489,4701,9557,16792,430,2780
17595,15424,18327,14116,231,2625,10093,6515,16727,6969,7169,6892,NA,12897,15088,8624,15491,7948,12033,2674,6261,11870,14115,4616,11099,5277,12566,9787,6811,6535,10527,17786,5177,18931,11964,12657,18571,3270,14626,16246,2445,17180,5439,19438,6805,1302,15800,13146
9664,18026,19601,17179,770,11531,16055,19233,10224,14482,7655,12885,15167,8081,11360,2143,NA,7113,15530,12639,11183,3511,11841,2098,2793,8884,18933,2935,4337,6208,2613,11706,16666,17401,11133,4131,NA,1648,10680,633,NA,4379,1053,19001,11943,12293,NA,901,6840,6774,16968,7319,1115,15133,1073,18566,4,7343,NA,10582,7131,6001,7746,15956,301,4755,6812,8310,656
2612,9726,10577,15141,6891,17789,19477,1847,10815,18179,9596,11387,7017,4701,9926,8751,4529,7721,5693,3062,14315,14825,1648,9933,NA,3884,8927,1178,14097,9939,15261,16066,11366
7687,16648,9758,1125,10685,15492,14885,15923,19973,958,6411,12173,12991,12133,12298,7823,5239,6112,14004,3957,4510,347,3975,4668,14859,1052,18735,17077,6439,15313,18238,19516,4045,107,14540,16304,11432,2191,8936,18339,3346,680
11076,8614,8346,15188,4012,11908,6761,13265,6862,15601,820,7981,12426,10744,12460,5001,14480,7298,738,10137,14927,16764,6014,15315,16002,12502,17218,9329,11418,14524,9384,11401,4856,683,12647,13005,10634,13127,2580,NA,10864,8090,17496,9432,10211,15081,12028,334,6591,19575,19700,6083,6169,4179,16649,13825,13236,15854,17578,4512,9195,16755,3802,15619,NA,2689,920,11676,17648,13894,17302,2583
9429,6347,10734,15259,1432,20000,9857,17096,9585,16206,10418,19264,9274,2615,13442,6818,15116,NA,6359,8688,5694,3703,11053,17591,3540,8717,7280,4038,4564,3075,NA,11293,1024,18159,10443,15583,1895,6048,3843,15896,NA,2847,NA,6826,11350,946,10094,13354,2531,2299,9899,19391,15877,17684,4812,19229,15154,1407,6172,9592,17384,282
6912,7990,16060,18203,14275,986,19641,10911,14808,9170,6110,NA,9819,14187,NA,18284,5276,8533,14321,16038,6709,NA,9942,11210,15625,16607,11570,5768,17616,17348,14560,7307
9228,11053,5539,14828,7086,14152,14058,10944,12153,18659,10659,2521,8887,15194,7607,186,13561,7064,10290,18609,717,11503,4563,15401,10684,10352,5143,6145,11673,3405,15503,19013,NA,9335,13251,11036,NA,5293,1311,6596,14136,10326,1108,NA,9043,NA,2911,1976,4724,14558,15252,749,2416,2957,14765,2599,NA,19894,14236,14937,9571,9894,NA,14936,762,5688,18157,8399,18882,8077
17598,15720,17350,16923,1642,4753,11105,18031,11792,16118,4754,15125,5519,3531,2101,7230,4009,3968,6579,10301,8123,13630,7234,3801,15813,17368,4763,7336,13075,19187,7744,4451
11190,5799,320,4597,14486,5835,12835,5162,7755,13615,18690,6406,14462,19390,11228,NA,9071,7258,16564,11361,11911,9681,1982,5243,10687,13959,13417,13780,13606,NA,10861,16411,11080,16089,10887,12042,4116,12338,5777,1342,3097,14013,NA,1829,6129,17383,19089,17839,13703,7224,8469,NA,2109,10376,10209,19942,14432,6337,6105,5541,688,10481,558,16310,10676,11330,15577
18193,9227,17586,5106,14345,968,16588,19551,2806,13189,19600,18521,7187,11843,7298,9319,4137,16736,14159,4319,3955,14603,5724,4550,12010,9764,10476,18072,19513,NA,18567,10088,15753,1409,15118,16487,15266,10417,1424,4672,18036,19156,19577,12278,1078,13811,10659,13735,4094,6698,4818,NA,19742,19360,896,15963,14098
2698,19453,4488,8189,15466,4218,16738,10114,1428,18010,7253,15239,NA,18151,13863,5011,9569,17885,17520,2439,19371,5884,2797,16420,1841,8869,4792,13753,14623,2994,NA,6363,8525,8998,15265,15403,17207,NA,14503,8357,15338,17177,5309,6099,4801,669
11587,4108,15984,13331,10500,1477,2115,7030,13120,8021,15191,9184,NA,18215,12828,17209,NA,6230,1571,15224,1322,9096,5474,NA,12118,102,4248,12991,3370,6834,2582,5862,7276,NA,15455,10383,5853,8034,18044,3169
19923,19132,12972,10316,3641,13715,8299,16611,18921,11785,19278,10845,6907,11545,3492,13839,NA,3562,6341,11442,NA,3889,3402,1435,4572,12934,NA,5185,7089,14862,NA,3721,18792,8568,11799,1308,4962,NA,2180,8500,11100,1367,18644,13279,836,15660,2842,4597,17452,15126,8136,5442,7911,14618,4444,4563
2117,15520,17497,9078,8524,3948,4457,16130,2676,7306,6556,12913,4148,11331,8816,9338,19557,4117,NA,19387,6531,NA,15272,5498,8308,3351,7248,1276,10787,627,14816,13343,14125,14045,878,5216,7928,10608,11941,4015,17745,6271,14999,8643,12183,11121,12344,10402,6269,13002,1296,5484,6137,19989,13556,16218,15000,16247,7343,10778,12854,3448,4986,8451,NA,17933,16991,NA,19120,2978,10968,3760,530,13869,13329,14138,12637,17973,14564
17911,2424,5907,3699,5984,12355,17932,18668,4593,11486,18290,10453,13883,NA,9679,9189,19280,13154,13387,13536
17650,9670,13879,1027,12378,10020,12554,15163,4172,19866,11339,15192,8049,3538,17190,9564,8475,NA,6503,3334,14442,17025,10858,17550,15021
5696,15983,16840,13435,17782,11513,3231,7685,6950,1056,16899,NA,1392,1838,8303,NA,16687,7336,10582,15986,8142,18480,7906,19101,17553,1587,8661,11892,19604,11229,4890,7025,18555,10911,14905
1998,7531,17133,19952,969,8903,4771,19285,10621,6603,8737,NA,7156,4443,7060,NA,8412,13502,15452,781,5226,6261,NA,5367,18806,17089,3919,14247,11478,19398,118,1792,13424,15099,9306,7474,3498,9934,5803,15910,16764,4063,699,14188,8452,6353,NA,8876,13812,13389,11999,8251,13756,10691,2011,19097,NA,5219,8254,12271,19077,10716,8636,10740,11208,7412,11568,8181
17864,5033,9761,14334,17500,3688,3494,5439,5987,16769,10669,14554,6521,4482,1670,7530,12401,14246,5695,NA,8253,300,19646,5374,1296,9667,14717,NA,11312,18076,NA,5679,NA,5317,14782,2672,1506,8197,12458,7964,12498,6854,16235,16668
19832,13285,3201,17381,3715,12443,14599,11550,13316,9752,12423,18914,10012,14809,NA,8753,1286,13385,17947,15459,18914,2845,4274,16852,3656,2679,NA,6896,11950,17250,7218,NA,3674,12557,1869,6328,1789,8508,14845,11950,5548,13777,NA,7888,8381,15730,14239,10492,19386,13405,12893,11932,9741,7243,2148,13660,18123,12462,6421
13037,2104,3197,813,3058,2198,11939,4246,15454,8704,5774,9497,14143,13764,17557,19589,5846,3954,14474,18445,19053,19181,NA,19935,18467,14714,1315,17562
2204,19462,12982,8615,14470,10140,8831,18489,13334,7336,14370,4833,5974,19285,NA,19041,NA,5032,3360,9459,5462,17617,4890,11669,19453,11355,19182,17984,15755,2222,17110,16259,17129,13333,8225,19598,NA,1805,15280,8819,15946,3720,3300,NA,7121,NA,6168,3290,1794,NA,5799,NA,8373,12872,16944,8821,10145,7067,10496
2939,11111,15034,5733,14572,18778,14919,4140,2544,8859,13941,15603,7952,12243,9105,6968,15960,12967,8399,11227,17168,12112,7129,9736,10250,8084,6248,3016,4963,19958,18586,3236,14519,10814,9861,10013,17106,2610,NA,16149,4354,NA,15021,NA,13757,11010,6073,7855,15340,14275,743,319,3577,14372,2086,11111,5353,2061,18491
2231,15481,4832,9697,4587,2601,2322,18789,6850,8282,19054,12636,19206,18233,18508,17258,12696,5489,16478,7232,5628,15615,14801,11455,NA,9508,15211,7443,9299,9627,18212,13820,1789,NA,19286,NA,15289,7914,15249,12281,2,11441,1158,7830,NA,11498,11033,NA,14014,17879,3116,959,14338,NA,14126,NA,16648,13425,12161,1175,11514,12024,11769,13277,19507,3887,3243,7943,14277,14134,19726,9015,65,4261,11582,15348
10905,7432,15588,4680,14979,18953,11318,749,13362,3563,3080,18734,7969,15511,6986,16524,9759,12679,11292,8965,2701,16877,16246
2704,17945,5439,5708,17924,7825,19915,950,17825,4600,7357,NA,9064,19128,10514,10191,NA,15207,13765,5881,17916,541,15225,9314,6185,18412,13905,18158,6848,19654,770,19926,7700,5731,2853,9422,14885,481,18145,83,9771,13807,12928,18889,10517,1379,10490,1293,19361,7771,NA,10505,11026,6402,3577,709,2194,10629,2923,19096
4317,9668,14611,18618,5712,2304,5021,2327,10216,19399,10082,NA,13077,7023,10458,3334,7463,16459,10958,9174,12121,11878,2537,17833,19981,16793,19314,NA,18149,NA,1142,3764,11008,12568,8359,6286,14102,19552,13626,13757,19857,3195,17724,18382,NA,9393,307,9479,10097,3721,3149,19281
18649,4342,13638,16990,3413,6273,10105,16062,6866,16481,16001,19969,2597,10876,11059,5764,6842,19709,NA,15767,19030,7829,NA,2952,6505,5409,4540,16017,16355,909,19575,7421,8557,16431,5096,10075,19414,4633,NA,4439,3874,13113,15362,17985,17290,5105,1277,19279,16185,8046,9491,18426
4364,19786,16003,19669,18952,3908,15460,14511,7862,9850,7846,16202,13910,19921,10611,NA,16152,1042,10086,9626,13608,4528,13130,17771,19770,14524
17574,8093,8346,9727,7123,14919,3985,19143,19927,11019,8434,114,3332,18401,5521,13013,17842,10442,17823,14411,5278,19715,14341,10253,12412,10776,849,4347,2606,4583,410,NA,2315,14686,14330,4800,15466,13885,12728,16028,5097,8237,4670,15690
13894,4531,10029,2224,8306,2143,17618,2209,9100,17503,5618,273,5622,402,2873,3151,14143,18638,NA,11134,8781,12699,8407,16418,1386,18730,11458,16247,8940,10608,14555,845,13758,17769,13809,3901,6435,3833,1819,1548,2093,9636,15167,7322,15694,7890,12754,6976,15705,14000,10022,15883,19877,18623,11977,1716,2273,19563,7150,7627,18564,13484,16760,11943,1229,8512,12818,1742,10954,17203,NA,12996,19915,15982,13362,16072,5475
3339,17200,823,11772,2053,4839,17852,12126,8586,3797,7068,NA,2318,16920,18270,NA,11092,5626,17492,13393,6102,NA,5139,15737,2932,NA,9856,6278,14320,15651,5548,11205,17021,NA,17136,9870,2679,17425,6076,19088,4727,3693,2165,12876,13688,5521,19401,249
1012,16065,2563,12622,7536,13779,391,18991,7924,14061,9206,12235,6646,2778,10446,8296,15230,4763,3579,12884
4477,13905,14721,3191,11393,19288,6378,16335,6776,4322,12698,5942,1300,6763,10395,2969,16046,3100,10073,16114,19020,9795,121,1046,6896,3594,NA,18082,19659,18173,11043,15691,NA,2081,7131,4946,8476,1173,4397,19839,10569,2394,5851,13159,11056,17268
1140,8810,2993,1362,3722,14435,15151,12953,8375,8412,7130,4585,NA,15926,NA,7657,10650,12414,17265,11162,9137,NA,15254,NA,14631,3729,1643,NA,18686,14734,6309,8249,6261,3041,9795,6174,NA,2861,5187,3645,7307,NA,9817,16671,12883,10251,NA,1183,6159,9028,12706,19651,4881,6081,304,1151,16755,19010,15394,13628,7710,13103,5009,7829,3727,85,18943,9933,5127,4000,15914,16668,3074,5028,5458,15012
17510,9137,7348,1612,86,15623,3021,8263,14862,5743,382,14666,8634,12154,2477,18967,19447,7140,10301,4206,9844,16396,4256,13883,5736,NA,6392,13480,18394,18791,8402,NA,12624,10720,15741,1353,18820,14463,6971,2469,8444,NA,16238,15034,1740,16769,1664,9550,15175,6792,NA,4554,892,8132,17864,4179,NA,2238,3432,8190,13250,2308,4682,6875,10396,7406
3014,17743,4612,6218,7629,4415,16294,364,18179,8880,986,5509,4235,NA,13913,14052,3949,5918,16796,14905,NA,10917,11693,465,NA,12109,14247,19719,4594,16307,7273,12845,15147,14931,13158,4753,10846,18928,15280,19723,4153,3564,2036,3006,11460,12985,5743,708,16349,3193,12015,4205,18706,15214,9010,6278,NA,8098,2987,14800,2241,686
4728,19304,14168,3571,69,6488,2786,798,12437,10335,7640,15052,6599,17374,14699,14640,6414,9695,18016,13534,10291,10770,18393,14847,17386,15315,3021,14255,9537,13103,6010
3777,231,12492,5814,16747,1625,2852,11468,10749,14465,13308,7969,7317,2,6039,12929,8539,8722,19540,3251,15592,924,5886,12006,12191,6980,7118,19501,13281,11599,19345,95,11441,2368,17398,3788,6941,18590
14194,14662,17231,9170,9440,10191,12036,18328,6647,8699,17991,16829,7476,1333,7642,NA,15874,12715,15985,13653,307,11755,9755,5446,NA,8570,8277,NA,11931,17992,NA,13167,4034,7659,845,14193,4914,2162
6588,17928,15445,349,2105,17187,18479,17217,17682,1672,18504,994,6872,17553,18589,16554,16527,9457,12746,17075,1386,11865,4555,11790,1875,15319,19500,1252,1679,12626,16354,16247,4728,16520,17423,8217,9452
