-466248256
-804519793
16387865154
-5058563911
-6646232389
4411523510
-958762054
1014602044
12946988386
-1113417146
1661730788
-1934278217
-9876062066
-1529109684
9627950870
-365906642
1854463279
-7269622800
6476839854
-3557744768
663238385
-246736106
-4972500120
13983393305
-6656841065
3648031592
7965232523
5635768819
-517679663
-2476397832
-4927466469
-17653989909
3072257991
189320547
8487683055
-6065307828
12961053713
1047003086
8533021459
-4575123856
6593733564
14914490815
13232850489
1959250834
-1565472028
-7057348517
9857913084
15191204189
-14627041508
12137518719
17517471279
7688230242
9380850259
-12527209916
4411304501
-5165290213
5514081015
2099195695
-2646968935
5225757724
-760446291
4513954251
-9597475338
7260470321
-5328352620
-2575647893
6375588849
11890786789
-3587917811
2356199985
-2649046971
19308488918
6631557557
-1616011995
385150423
