1168124611,-679925583,-631417682,1647825430,-1041076548,715986122,1713282612,2118118200,-633632337,-167368854,1365688541,-629556075,840354708,1196388978,-801056403,1787024899,452337798,-1989294154,-506515162,195300613,1128377677,737303553,669007485,-339050129,-939777735,252057180,1309048080,-2018654128,-143011535,1008996239,1161908438,1506042123,637923339,-1501690392,527722647,-377628473,-684558307,978176314,-942779489,-1822408695,356817427,-2063408344,-1172947282,903141022,351847682,1500250019,-303821774,632885693,-2080990275,1726994864,-1689961545,125263981,-50435225,836874350,797201566,-1480764892,-882968759,-516323241,-1846556660,-669318224,819703269,465091782,-992444891,-231606694,-484926645,-1475893832,2110751354,-1512590008,555920554,-1461627434
1844636963,469768489,1546564786,-1973019967,-1423975943,262013943,-96306863,-1571550058,1284714339,1093512096,897304809,-372573163,-578756886,-1504396638,1923972586,1435385480,566124710,-1833333440,-335258814,-896284768,1840144936,-659717995,-620318755,-495624023,-33685607,189046507,-1762906517
-1852183774,1430994253,1664417125,1786858942,-574347634,-964731302,-749518000,-170049857,2006528814,1216147035,195736387,-1424247102,-102900739,740895896,1784536487,1512827112,1608318467,-1873095193,-342275778,-244763291,1219425021,-1203641211,-645359514,-81322126,2142929469,-857016024,2015510173,-1775096184,1238989775,-697843372,-1799714233,-1428082998,-2138480163,-404295955,1763116719,-669678398,137544788,1268487437,-1782089141,1581287503,572011206,-922943977,404358467,-982574370,405268625,384126732,-783014860,767290584,-956721343,-324629476,1060281136,-358865317,989066034,-2037198208,1968082185,-259954901,1999365754,2095963014,-869907761,-1534635542,961121797,2097880301,1768712086,647108231,870147328,1555896946,371768443,1252438004,2052211323,-2056274774,1717668073
1297026377,1334886674,599083800,-556434158,-702199254,1703319396,482372822,-1415485812,-904402900,145178667,-693960566,-1800162669,622325581,1336279193,1354156660,-1314444685,-716507803,1980235672,-993650119,1299540217,394886466,-1264771042,-2078787426,1477422813,-1757305836,217820357,1001418131,407636604,-200490741,-86857574,-999759244,2102445769,-754132162,919591220,1851974794,-489466491,-200205874,219405832,1994017751,-551606098,550408779,1040181500,335677970,-936628428,426580309,-926028743,-2006178320,-44832526,-1552025210,1159549253,-824203611,-659601957,-2123582321,-794063536,1017328553,353813620,-1495780704,-502192435,-1955894081,-949910655,1816462349,768671812,-242729422,169294595,-1468032722,-242156442,-1495485087,-1517006751,1779405958
-1813964418,1121876452,-309617882,400626037,363285650,-1201953432,1622099795,-340793657,718649539,1417942608,-334814874,759025781,-234009127,2126769850,1749074675,152926954,-697085186,-649095181,2117830701,-2054775438,-748678971,854703661,-839355511,-1356382448,-658532499,-183446673,192292768,-1677462385,247604581,1804946892,-409986215,-891982890,-984747501,-650570537,-1860801466,761452672,-1971560240,106680917,-1012534450,-599910996,-1081548745,301931060,-1143308403,859803920,490207647,793288124,766466935,1701663572,-1004448539,-2062033405,276856899,-2049328739,-1968196498,740299174,-295625850,1992012903
-775016011,2023901981,566992791,262807646,-1907465745,-1414581424,437061584,-1912228387,830679086,1729221427,819917060,391046038,-1863047388,1304836943,1404138062,1874541971,249647175,758647426,-27739393,606672829,-1274887926,1486902563,-857549578,-1406485594,1229766477,154688105,-262752203,795391618,412256533,1008184332,18383791,1624015734,-2124813441,-354767828,2031611750,-1053485547,-1109601039,915965298,-190100555,931858726,-631941485,-344063627,-1270177302,-853379669,-2122069763,148169054,277072407,1337243166,1411778609,-74081074,230263337,-300115459,-1324221749,1662757630,-1144188359,-1364996727,1075107959,1450359335,-537761246,-178751031,232514466,-1489667803,-1310350253,-1831968555,1514310259,-480454826,1925179877,-534840752,1605182204
-536300561,-399485899,-1059670356,-918909806,579913241,813874135,367759624,831015810,-882262417,1229026082,1496417690,541914360,-1020899721,1431500326,35266857,556497937,498889092,1810470102,850016809,-608196857,-2128333748,1172137228,-370830219,1115060950,-77405768,-1775972145,497323067,-1156629213,-1621382917,-1236187944,-1977287626,-32493479,867963110,-1169570990,-49884381,1367895573
1372937953,-1485304723,1697285059,827114684,656663014,1331363882,-127814263,-1030657073,933438976,-194167222,1086196579,-860050112,1280565205,203712781,-835613554,180359068,-1866931439,-396770635,492522794,-891167928,-274193746,959734397,-1128058342,-916563311
491603145,-1699508434,-615217408,1415530182,-1962431842,-594803836,-213927949,1990986643,1858829395,1211840555,1648698984,1099346866,-92888184,1933796616,649419292,940353363,-566914985,1653063677,898552788,-1998110514,2034392521,962542151,735086841,-303996254,890063244,-682938329,-1170209686,-1406015047,-699895070,-2005471548,-2077212531,2038726640,2021397723,269431887,2098433703,-2107731241,1902620613,-1831924120,309600109,-736726348,-2067278365,638696127,1972633819,1265556942,-1772122274,-896569858,179217731,-1320584217,-1835038344,1273308390,-1595717720,1963396617,892634375,761652152,1852883276,273962629,-76957664,1807091669,-2040486777,1854864696,904075025,1066897320,1346941145,316535824,1291761813,861437123,-2052656061,1338843086,-731133630,532853832,-70373934,-638301940,-1602698683,159318410,-2103622277,-1053976190,1233246034,1121132275,-392827602
855887829,-1313019609,-1584152796,-1993907762,-2090418323,367730793,262565244,166212996,1926713754,-1221174211,1252448005,1584494707,-641950540,-96266929,-733473443,592762268,230928414,270526867,-1729963974,586820083,1985565115,-851345748,843751943,-1891154076,301833889,-831543663,-1360938574,2010276886,-1536916723,1968024174,1293542852,372619762,-586072683,476176327
-1367401882,1447715235,-1172378653,-868493711,1612610149,1747389729,900946279,24087374,2019736242,-95599247,92955712,-1424888833,1120153694,2080681888,-2001526842,-411324682,1496363407,616568794,-2012128482,1123536630,2139433602,2054388767,-1399986209,-1057425689,-845349166,-1372352970,-1565382921,1612273389,-2095072519,-1242111774,1685389263,-1181075786
-1558170541,1706927533,580507923,-235559950,-1006856737,2038615898,-913603382,-1095407811,-908638479,1790133508,1189529257,-878668771,-789536959,-813766555,-373276450,-471237912,-1832624571,1298504483,827300742,-1192643793,-1059119130,-1159485574,-1198822781,-76583170,-28710793,-1897296104,-1036182382,-1485423006,-762446878,1221026887,1333544859,-1834350805,1656910884,-1156443823,-1985878453,784020722,-1908913414,-611634657,1891195616,-881367715,74500828,1064985635,1769884483,1510610081,72719146,963719287,-11294117,1727860296,543742885,-2124352442,412189343,1539876403,-1005124832,-327390358,-347318803,121634274,1656452470,1708441942,1066542746,1579538931,2089026750,-1656992714,1464237513,-1896166424,-1083256387,-1376299436,478675712,501068845,-295616612,-463103555,-1021347592,1130618968,1292758746,1062556196,-1323224141
-1337265277,-379909883,1944542164,1473624053,249084577,-1365802995,-2112056534,987745367,1236095731,101146040,653512333,-678741817,-1814098724,688816188,-685541139,-297687179,1417979294,-1834280283,1527198631,1977751192,-275746361,668663872,1001179162,-1212240789,-1458619669,-293617091,533077626,-1445640329,-678771566,766804879,-1161605661,1372213015,299576436,-732780777,1760893361,-1650358215,-1582196253,781237248,-255234034,212398689,-1445334904,209276012,1480113611,-406458125,1960344145,648901200,-1751897228,1419068593,-781992791,-1748937061,-850258019,-1227712127,1032449258,-725680483,-1569234302,260353140,-1705723889,-2126640218,-770613553,364334595,-541765202
1495104443,-514014054,-1498546652,-1625988172,611908698,847532890,-1387426799,994675112,558125107,-1381242597,-1201377018,-1397839475,919265552,500120495,1629650301,-117038566,-793155051,-1103703187,-1673044983,1390717729,2054827028,1294846701,-1132507186
1915720479,-840087792,-1389828558,-451053055,-1338302115,1199106882,1834454996,-667683130,1623700257,-669528574,-407743300,-731268124,1152086072,1170846114,302847956,-373936499,2137456258,-204438197,1787698583,470649636,1984743875,1080193604,119065096,-1888682461,439645371,-1273431693,1238485476,890562366,516671347
706747162,830581449,-1311265063,2099188487,-808343430,1893053782,2127372687,-1610720642,-448697171,-1251109470,-1991049729,-8187112,-1597484955,-192851791,1488663986,1595342680,-1532938284,-1924901834,1351801314,-1833918533,-1174670495,-232281288,-62005939,-1903611399,1333921689,-1074243341,-1358127285,2006769802,-263487389,634256891,-1580821470,-729815445,2104574840,2036083623,-1022976359,628861729,1699583505,259721644,-1726288182,2022906621,-414004767,115487239,-480019908,-1573011550,1701528901,-581245152,1585930545,43867332,55925433
319477051,-1863707342,1151378318,2069653458,-1690020588,-133342187,-770059815,-498964207,-1639362129,270808697,449654190,-940964256,1985450122,-450522867,-1567149682,-583882986,1270996806,-1150177754,-1279395299,2141218572,1589374072,1541140489,-108692201,-188304256,1674205633,571507561,-1571046524,203712572,-1520870629,1447800366,-665230549,1843837942,-1840416906,-831469961,698782531,75154170,-762888573,1995118050,1461368944,-215267066,1351354318,-1985794806
-679265420,-1609363694,-185111727,-476069371,1946878110,358056392,-565264674,-808397881,-881237635,-435858944,-1614225175,2146914297,2044127635,60809844,-16805323,-867602612,933028106,-1784750118,1207999454,151758801,-943241955,812571513,467703892,-1554392149,-1620876617,323517183,163760295,-439861498,-1046808743,-492154479,-466454012,-1369953977,550894656,-579946974
2118927748,1116438470,1614293767,1745978386,-2060790218,2046570760,1938041547,-528008987,-2114715603,1150779848,-178426304,-816012337,729632963,-1015643499,-576454698,-1262710244,1380119380,-161096407,-462245841,1657762704,-569226771,-525692655,177127410,-817159765,-537338557,-1539090797,-716713250,882988847,404608997,-1876767797,1996193826,1797233631,-421822283,654102551,751899628,1312532616,-1143904108,-117198412,913790528,-596408508,-1140900004,1637355945,1861708554,-1462176771,-998013933,-1934056989,-2092097675,282313008,-778533796,-1255333471,1839609981,1595884787,-1944232144,372915217,1882166979,-1027403208,-1432355122,945958203,-1854913633,1980203603,2025340400,-628076258,866106235,308990649,936619070,-297008872,-110753442,1403247370,-627792377,-1066310774,-901150777,822845264,2128524078,783618491,-1997055300
-573218462,-1893615619,1523644193,287317346,-72217199,-267578355,1006259021,1766849861,-1230483298,1995699647,-624337702,-1721512043,1666712400,-1451022886,1110536124,-1940439752,-1715008114,1074616128,-237958508,-1389364651,1322022089,302810706,1961585734,189255262,-1501995592,-1370527086,-49592632,2027984976,-610011829,391765641,-1298803907,-667036871,-1568443176,-477535766,1651675969,-718053638,2139862427,100473334,-1923263610,-774794930
-883755998,415056799,1087558410,585907825,37867256,-2093664484,-135311962,230042855,-432878278,1708024790,-478188293,372833020,-1619380404,-1495256693,-1407305394,522392271,468881107,1525477036,1250479500,-1665756326,-1715292008,987004533,-1240961577,1642036895,-1757257550,-2093263810,310968897,-1765664991,1954413796,1075138577,1297480150,-389209963,252580163,-1909895045,2123618783,1289943001,101423900,1683721639,-1171456667,-1377323483,1277543956,2094666152
2083640192,-948220017,203940373,904451744,-667026316,740047957,-21451046,-1735270836,-1948381436,356435059,1855461965,-1780851159,-333024546,-595814049,917827199,-1061664899,1121730764,1813768798,-635841580,-232574043,1666837872,-1950758102
813360477,1812425520,333570254,1112832837,-352445891,1977481070,1467578581,-445402510,1662939270,-1774254340,-1750962525,686070476,1728472350,1340671439,-769883359,659327675,-227365415,-2058625551,-512619872,-876447572,-1521454087,-1943373380,329716982,-1851561364,-962186504,-141183676,-839879699,1164838329,1181040516,-1927253227,-328580130,-210889194,-1373750582,468961310,-1843668328
2138240502,996504299,2047950981,1016215708,868518394,1914835482,1546688527,256969881,54830991,-1038103033,301209407,303323573,645751673,-677025335,781678503,-917733510,1288897294,503115618,768737410,868164718,683117816,841509681,304385817,-1048928088,-545250759,-1235064149,-900382361,738000293,-884448401,2140877386,1663608575,-836067493,-1051695527,-1010901308,1895996461,1608379023,721813401,329246080,722940764,1536851043,-340630341,-115038139,-109686602,-1702639822,-992908683,1896747060,784522257,-1268766560,-1347951824,-1030200328,-401560311,-1670460180,939712967,2107034939,-1754098327,-1989676153,308405389,1824342363,846474702,207907050,-76927852,-992755363,-481212274
-140393172,-1245108959,477572821,1693082290,-1655373910,525002199,402263057,616219410,-2022611094,-1695900751,-764728433,512774810,55407126,1496392410,136506470,577929733,-1660653529,-1333093466,1608224659,1686202446,1115849131,1677048329,-609729435,-1351098048,886346569,-149678003,-1541007589,370704718,369928066,887128319,-277174837,-1638567265,-1068830663,-383032278,-259080316,-1250914451,-1400865676,-1303581753
1649560975,-41386396,1937728371,229722066,673926995,-2105447006,-129243294,272843053,2019405201,1914669499,-1583444333,-2139995863,-588755204,1145471214,-860453819,489209238,-1386225477,-271565005,242861225,147959637,-47823817,1011034495,1375432920,1961331006,1800046134,-1701164730,-1837175290,2134980931,-796347607,-1452921791,-416201736
1199709377,-1078625167,1014329011,1734338950,1539040455,1939903586,-1422420107,-800172305,108716332,1833145268,1569089768,-918716717,-1838076577,430356439,1206973077,-445741436,698547422,583859477,1411043222,612846725,690848528,1595755477,-2116057969,167420272,-436992944,584758813,-864466721,-1690260710,820274252,916752728,-2018595055,-191900172,314951056,-432064423,1632493720,-1008142157,731450973,-1619828321,611541179,1380945459,968648383,-236948006,-511341874,-315545192,914359262,-1300970835
-57833290,1911280787,-669719115,69695038,-6100814,995812158,-417797174,-984439858,267944169,428507350,2128978052,-32100645,-1814345712,-670528191,-1404251647,1802592700,67069851,-758288155,-590902044,1088589899,1178272098,-796681346,-834038624,439248092,930425730,1640471601,1033739253,-1524987797,-886159743,1825122017,-970063430,1076763156,1169494453
-904522275,1706928583,-915529243,425844267,-57398616,-55596485,-573989328,384213935,2075457093,-1648259550,165504813,-24679315,1016400004,65340575,-1017639853,-1604854873,-534947622,1808795892,518206363,119549841,283914412,-1051608704,391272291,-1945177237,241956301,2074683879,1063583381,-32817455,-1993500347,-1002789742,78762760,-1306847663,-105599404,2010320730,-1279116762,-42548930,-247501386,963667839,1941722062,-904189757,-604690137
-579632262,1765446714,1502212904,-1795247005,1955981220,-854829378,-854687997,1608485307,-1808833691,309412350,1787788557,-1786091442,-1474224545,-202640812,-1181223125,-1826329748,1303813853,-272021483,-488738410,2053666245,208659000,-1136221654,-711142430
1202329468,189312479,1250909755,-1665687742,944169034,-1525751814,1469525746,1814066486,-1257489409,-478352625,-608101321,-1694039633,1064665365,-2024487150,-1069947352,1081148872,-1018165047,-2091835858,1539638538,-296522001,805597438,-2017905964,870029269,263748896,622303329,17077014,-1527957771,241539158,1451014348,-1632228044,1922346831,-117143235,-1291566097,-369387145,-315692671,1121650987,1036609069,-1625903811,-865959570,-950608559,-1657121853,1583655765,1779094009,-580652755,-1384790993,1933026700,115439887,199566403,-1703264305,1156309895,-831678485
-1085660217,49046227,-1972350060,-998980820,2079424552,200721466,1132091818,155355883,-2088160179,-719308200,1422814563,1736207325,-1893405304,-484291219,-378453809,-1142075164,-1857033218,160401523,528948835,-84574376,1100394959,889021299,-1574689100,-1369244797,1322909817,-1204682988,-524540286,-838385581,-1945515907,1849263476,-492091144,-272351670,-1280512189,489702458,1294019121,-1997154887,-981135558,-859057173,-1907618306,-1749270484,-991193533,964616317,1245331174,-1979769560,-1602754993
1757665645,-1857546733,307518534,-1183285883,1345292185,-250655373,1050829098,360838609,-2107051855,-670888613,145484156,68252816,-1832394425,1333225761,2057504478,1484245850,483618681,96585300,76967929,1316924656,1767677810,-1408270100,-1068752224,-1923346800,-352302025,1032199875,-1356757963,1902758539,-707241824,1869530692,253928523,-736339948,1008757923,1477831777,1400931725,101493849,991085272,-685543990,212373725,261527767,-1803171272,-1245804709,-1950509377,47069930
-1038851627,1582629624,2057588899,1952491190,1074734288,-664721806,-1472559395,-163136735,58115312,-581190814,904270994,-1874931554,-174849705,1968310188,275789674,-1408568487,-318684070,-1733934715,-402037355,-1954613319,-790865034,74455642,475875545,-1895409176,1816607364,60855280,1199757038,1495929234,-78299604,1957397451,-882566391,1438211563,-362438249,582707412,-1980332874,-1008415241
-493193419,1128910826,1909131525,409720299,12975751,1120459352,1105927036,1063532175,231706159,-277677565,-1075295271,-165009263,981564421,798075156,642235383,-1811554566,1685238069,669752045,1922062993,-1404026421,-133176982,-831811971,1958340869,-1466533259,-1797353432,-1045335595,576723290,1174754190,1042319481,1599711995,435882116,-520200254,189049547,-1020290562,-290547482,-245097465,452736280,524134474,240546071,-1723236076,-1080432313,956201277,1636606696,830781459,-707611182,538447865,-188399963,-882121068,1045284008,-800915845,1517901467,1476281797,-252963757,529330668,486553306,-1440024352,-460456099,1833381943,-1688349380,-1358276892,-2120264208,568777435,1798946213,-1024091257,-552014404,1847986945,-1281229173,-122408086,456182812,1695685329,-1938695752,-407562354
-1432047616,-311673522,1253960710,1274672372,1951030189,177621260,2028000750,-318852296,-1953307795,-1856085041,-635093861,1987898292,-1032550492,1205904730,-1486951917,-1648264973,-984818922,1298241625,-59621697,-1572509376,912195517,623155362,-319067042,1221152911,1513643228,-883732034,-2143687619,-1162259300,-2124275116,452993448,1233167524,1317230420,-1957221067,-1935318060,-2122419821,-1808080012,-300211817,-635443086,-910555986,-377700496,1179176363,-264037389,165105781,-96580971,-1841616372,453616332,2095837879,5441649,1901431642,-531796615,529224264,-80413070,1940183305
1149920241,323143628,794615158,92286534,1644579495,-1586461792,1045562171,-1597515474,-650623232,77005146,-691989565,-2041420992,-179000862,1247727450,-1648637152,150957600,-145113475,1635454934,-542485221,1210293456,1234100090,-675137539,700385164,480665975,-456971404,1055989088,2134568428,1627939684,1046383783,147256717,473365032,2119942481,1750009830,-1259394051,-24187209,-385371157,1040680658,1662530095
1304777873,-614166200,2145693204,497097362,-1579447204,782150171,911649453,764843439,1702653791,884556547,1462415090,-76601945,-58292177,-2091353132,1855119093,-186801523,-1525622875,-891870990,354454343,234308531,-598700830,1259969795,481088154,480889473,-841762413,338809318,-470337113,-1377237368,385648245,-726463260,-709141166,287835862,-581129189,-640382427,1080894219,-1692169077,441005038,1685338981,1289554806,-1287089492,2096809333,686999015,-906196147,-1470431434,1326384087,-2114131031,-720073083,1722667382,293846941,-823798824,-2042721873,1837064599,-896728901,-1736907130,-887964255
858991824,1382100889,1938067797,2042539728,-1632186964,-22053626,1091577360,-368421286,-645153773,736603199,82479558,-12826475,-1567247680,-7283990,-1458033732,-2053396609,1399623084,1993043666,1751349103,1540863409,-603014769,657140002,-1536706124,-726024529,936155047,1933752528,1166193696,865906817,-861939273,-349077418
-2083767678,-674358702,-111443289,-100419700,179733879,-1025100456,-1048663200,-421932686,1073273058,1595679937,1809311294,928149454,1845543320,-83925607,-633488944,-12850808,-1753182831,-1144772277,-784508563,1251355103,-1030803201,-937961695,-22912409,1565194122,2000218273,-1694653942,2023798912,1191250465,-976802472,968373918,-2007288420,843092411,240897274,1150403935,-151445320,-1067051817,-1595655067,-1348211390,19374106,1682622591,254244567,-489338259,1493408458,-1034434902,872545917,-1755665088,-1120158400,137086689,-670510519,-781828711,486643038,911293734,-435852024,512691796,-1369704032,-436403440,239739315,-518003440,-421777519,-106172614
-31180232,-1059420800,1408761566,-1736444852,469153089,-394898573,2053371324,-740124285,-1585141456,1323341660,1818662976,-1272025952,2007913823,-1489526646,-806558749,-1348036053,-698093953,-1716683166,1713170896,392222479,312194016,521807438,-342282293,657619380,-516057872,-1011514124,-1591821490,-1406300083,166013696,1120202410,-1437193484,1621657710,1260587854,2043323178,-883785189,2036349920,-1259162305,2138921090,1203669699,1743615672,-39149333,1421410637,1533276604,-1195095386,369111519,989413927,-255491840,-276511862,1242665501,84573,-2110251939,-255209140,-1677477529,945554404,-92511145,-1910736148,1222845628,1570426508,-1651170485,612282071,-430308829,1894267509
-2124266372,-1749625690,837252545,685733753,-770309345,384488609,875585931,2122442870,-1208237587,-623407044,1581482518,588163580,-2055735985,1672974389,1389379145,752401290,-2051261054,-1863973662,1406870107,-482620273,965986919,84262774,-1376183862,-1579867823,-294541161,-1228407934,867161232,1600872976,-1603384390,1368898751,-983905383,-10373014,-454890983,1920386314,66558063,-76226815,-1356432016,-693803345,-1003252682,-1102641318,886668552,2071901929,2118119903,271170056,2020254981,2105992361,496027544,2095256841,273702652,1078048662,1023327106,2099121263,1964482504,1564703573,-16103514,923504962,1629638302,-682697975,2054867240,-1045118300,-671315619,-1435078371,-1065169219,1272745270,298932778,-1537142976,641096282
1862054460,1413218993,-21558739,-864697350,2034351603,953604284,-783983408,-388940057,-519444945,1092118403,1034257596,753431300,-159247649,1605705473,-717652229,2041483780,-844037416,-888478132,-954638047,-1764244814,-1829057305,1971783961,613290620,1903080464,1882381865,239008133,-119413622,-879903037,849283481,615311890,1723711147,-734119763,-312247062,-636648465,1568723223,-1182343461,1928900246,1592540539,1567359761,-472090206,1623824694,-1740630772,-1185312676,-1481236732,-618014700,-179129365,323783150,-96946345,314079486,1254636963,-1381290525,520333352,1748866908,2143178619,11684532,-2124232356,-27388796,-732105664,-1310776920,-2000156520,-765329075,1570541639,619740297,1773231842,-201356062
-352916837,-817496952,551914712,2041753840,251091145,-113258688,819851905,1160621450,-668829407,728024720,1142014338,587264796,-220811902,1378187887,998071202,259523234,-490116716,-1322444756,1966945765,-1122829323,890257399,-1761035889,810044121,-888093804,-1617883458,449481277,246341166,1112490150,1206124318,669998944,1875469708,-1679624385,-181842846,-938236537,1714203297,-1827175710,1375733282,191809738,-856327560,-1348553402,1827291571,-421889231,-162564591,1422679389,-650219807,983399765,-281028563,68745873,-1467169829,1049087304,-873053080,-1274683312,-1755646866,812146609,-1720519795,-1256092214,1468508278,667076411,-1099771611,-1248641543,-1312135792,-819106256,-343450031,1686172641,232513556,-819509664,1917414873,-502036711,-920787134,1774064455,-2098000508,856716425
5026414,-2019675991,3766132,-1214511311,2133526033,-1842679803,-300011848,1772544097,1553950209,-1633062193,1108103764,1643748929,-2097431860,-1521429238,-2003878613,-292135050,265201434,231579417,-1044918521,-1336114423,-575446183,-817388904,-1284379936,-678395047,-909037668,1042829416,1790776668,-1592652718,734363584,1739054092,1844574105,-1239367458,79840720,-1531396045,1956039210,1772315547,-1554252118,1464760469,-1327436704,-588491057,1662608610,930448641,1679961034,-969824360,1938877925,780143031,-297500674,1134434407,1090418017,250323186,559890072,-364650833,-503465244,-455462455,-107148414,529598424,1773966787,-1639915465,257558901,24164729,-440270019,814574200,299241152,1547944134,1083536095,-1934391402,1011802696,-779213497,23328041,-677831870,840090831,-1243696437,-1837682575,-990817561,-1336161672,-615469413,657211399
-2100770678,2002201585,-1269374567,-1075854439,-1722754188,1233433514,-2048944935,-1588928691,-1059403504,-990301381,-2010017444,1773125422,-1838038229,441149153,905426629,1920962864,-1264234939,-345885924,-2131371230,1096187322,-1892003692,822452573,-507634795,-1378724490,1596951887,1647735805,-1009249482,2076559464,7868456,1792443761,-1393943497,1568635458,1475497241,287008444,332595017,92112885,-1555367837,1659367716,-760957633,-1285860725,-236528941,-322912472
911254323,165619270,1322959024,-1424763040,-982090595,584060528,822238854,-1100315615,-327733880,1441901016,1057808644,198133751,-1751877480,-739287258,1416433167,565918650,-1924668052,-848141664,429863491,1088491904,997101295,932710386,1353714031,157697530,456327918,-371921875,-630900157,775128094,1459422955,-78496751,46487880,-1904926970,702043696,1122146959,-47667441,-2087795177,1296084262,-1300206712,886767021,810800998,-95242777,1042253531,2062197094,1334309974,-1689867760,-1581738082,1531373735,1774304389
-1139496022,1846341433,-1476144408,-1201624978,658749276,756009140,922652980,-136127123,353440154,1150084657,-1859187329,-305443883,1500851220,131375939,573986343,1609479692,-1758196788,1656368678,-972158990,658306867,399263191,2115845945,1231921782,1760020927,1607631972,1007899561,-2012856645,-1290345657,-1206790147,-2040701074,930122782,262240671,-628532979,858925691,620967799,1177716004,-1394352735,-2144023247,1468407934,666784857,1754187634,82968596,1981350250,1552237746,-10408413,-1397345600,1105882330,1699263664,-1290475066,507092509,851854841,1024754477,971456932,-977353263,491853532,-867127304,-204520643,-15524618,-1757943507,2096361892,1846805901,396935692,-671972082,602494109,250436753,-1191475663
-632801413,1417527560,-538791025,149264224,-1692452710,-1306759042,-1449900267,24359910,-1383601942,550701445,-1170894487,-523767896,1203918850,-865982395,-836734180,-1914876622,-59454085,-1990932681,-1782339553,-1359558115,-2011348101,-1696438227,1870124661,-629384779,1871148688,-1394849387,34231337,651847132,-1712087362,920792061,1901713538,-866256339,130491866,-153130023,-1552905098,-1090126492,-362680551,161051524,1128935003,-488366852,2017985507,-584791676,1177304292,976113433,-1149715987,-895074542,1281449290
1942595206,1461322456,1435005129,-1472678460,-1112739025,-1238197252,-1363473075,-1740203429,338683761,989729117,1960201581,-203108079,611826667,2015346971,1785473944,-356271517,-1093662038,1095871580,-1768760179,1607646735,-1900056387,-506971315,992664848,1867765939,-1915996921,1262468455,898344666,736616372,-723253162,-534042125,118636752,1623236449,1408709300,-1393564465,1124867704,-95144105,1871233533,1351781234,1479279272,-423667418
-1460335060,-195176065,1908034868,-1284168693,1107728818,631881113,534700513,817427538,-28699430,-651846530,138127596,-1876473234,-366987614,620244570,1947412244,1780936637,1720612982,-1956170509,-647243262,-672037593,336357554,-166316586,-268421019,1460922991,645210468,-650501164,-412348321,1505576652,416474967,-1042699348,-1956190177,1973257912,1586967884,2138642441,766592206,1036870406,-2144225398,1275855022,1733622703,1497843002,-1625490535,1811298543,2050421121,672767252,1100994633,243839330,1123740711,-353338514,1559155193,83771606,404773514,-1675786681,1028194069,-1379432316,-1605814594,-1943889378,1264595168,590636932,-183867805,-13325180,-317430669,-92491390,1404517709,-227425300,1233567748,1108417713,277874279,1608390853,2114494571,-1086809345,-2066368813,-1393970230
-359820663,-1279053994,-645849704,2057213708,-869160624,2005839859,-893324416,-1113332424,-2100946899,614228437,93156766,-288000794,245479682,-801825935,130834986,-357478519,2090681394,1201849067,1813033485,1998175118,73494866,1724248761,946670263,-1398527076,1420422944,-397491066,1327167791,-78553571,-2018810189,670885464,1811040875,-1792446211,-235274764,787045876,2106397921,-274797134,-1036972724,-182542720,1638549341,155718011,-1099694946
321507605,-726805013,300645239,-308638839,2048571130,-152797784,1054967940,-418114687,755280464,1503242608,-850265020,266749546,1125905536,-1870644899,149719805,-86403661,-1566061524,-238911895,534802931,-1456176828,449865604,1957134387,-1265024041,1254022370,-980721705,-383755518,-1424521090,-1645639720,716323437,582941194,-838392878,-607683886,28846739,31961582,861976589,787435531,691101942,1663270790,-612206813,1814735274,-72385484,1854992097,1669339007,-2109007255,-442765648,1422782093,1127276530,567440504,1894935973
-1669464344,-543776096,-1622491779,653070026,987930844,1567059882,-1312657565,342974918,-617448947,1128194048,-1907596266,556238381,-204294287,1626014101,66398208,-1346102090,-136541462,-1515563518,-787972985,-2122850967,-480262473,-1759364367,-1611291998,-1768664918,-412140500,363394238
-489384843,1627902373,-279756966,1112329601,-887705110,830374840,-1882224269,-2101783873,1410746124,-785332823,-283689519,2102085740,-880703291,-2131364574,1319157507,1909731266,47046957,998757667,-767362758,263095109,-306074101,285426743,698723956,-400131564,1643963291,2063704552,1328013532,-2040845184,-1725786223,-1159817357,2077753200,-1489703454,14792797,751122367,1538242788
1664840881,-1805997429,-201353019,-650149455,-632678593,579589863,-1642802462,2129363931,-1380754745,1650901221,-1545215769,201776345,-1055032752,1681886863,171497033,1071450697,-1028750923,-1645451237,-1652519319,-916840955,-1290689949,-1142773923,-1965287181,-1956791112,-1779003297,1823672956,1870006408,-2144931404,1186671502,1577704936,2084013980,-880219133,1093663024,-1154264693,-593668192,1309014203,510407085,-2139919042,733683298,2129612438,162424468,-1752934274,1012639156,2122153665,1167262944,-1752897185,-2030898868,1270783732,1052391292,147631808,201412330,1114931394,-1567953400,-2101745217,-1579891521,2077133362,-2024207395,-505337233,1535672845,932184973,856752974,659391432,-1023920630,-85135751,1189830961,2029751007,-363368182,-730547642,-1647375203,-676817578,846951388,33778055
-1045239019,-85454477,-1272513308,-1079085021,1834934073,513181384,-1829750994,-24644824,27264076,511143167,134418100,1071996628,717549494,-2028000824,-903061548,1433591506,995573876,2082374152,755479764,-504391449,1349049607,1199518391,-728156430,-1228844422,1990368430,1626780683
1088807511,-772288554,81758934,151988630,132348591,1076190161,959171627,79827626,-605745309,-1118151226,-58083512,1049091296,-1623171967,366184680,1813875119,-1911977918,-545828594,-1240353814,1824649621,-117597048,-90250747,-119060046,-135085440,278031090,-466515553,1579127116,-1734619093,1884952919,-806095147,155058465,322966444,-142357892,-285822686,-1526525592,898334424,-972130391,-634932083,-515423781,-1918623258,492261241,1536379366,-1131133266,1739949905,-147935758,-1549557937,1693421756,578513411,-977534508,-22878978,-490167037,1346316719,975844149,951841344,-651102382,1930273150,-577020083
1185561664,-1759427347,-2139357810,474348553,1697867360,-405362955,624607736,-489931960,235651762,1212141419,-974401366,284003158,-1859721125,1254949545,-1380772165,-1913722122,-389845096,-775430290,-1338319798,1243310938,-230579216,-2033715454,1077470163,688389868,-1384733271,-266976355,-1017795900,1602154570,-158617988,-1704517367,-621895857,1643988369,859860363,-643257466,392519554,-292776995,-1369264494,1998432493,1815827860,1080559376,-88293283,198926359,257574272,763601363
927138431,1524604887,704182746,1078108718,-1351250907,130657746,-741542805,327581356,-800375371,910355110,1589004064,-1068036989,-1438247704,1463361052,-1547386646,-1594849192,680060714,531827808,-1471832231,-828200747,424870525,1110495000,-1841204197,1699737569,1109031068,445655992,1806982850,1593072401,492664931,-1230013676,6921930,1661085533,-18523795,1990129206,158319065,1192926230,-1715716610,-1143374735,-1129647544,2090078487,-608145629,-184867146,2069834210,1335731258,-1009854696,-2080555995,-2015081238,1961120270,-483377687,493116390,1834119522,-1599838778,663432283,-129568710,-1407920502,-1320323981,39229708,1994342092,-1607053146,-1215408267,333956056,1723705933,-903729916,-385754577
-68880065,1153487421,1493962489,941918595,-1268533745,1686610106,1745059674,934797397,798686313,512219002,-490689674,-1724635212,378816456,-721387247,794922181,300946253,-1362290869,-1397510925,-155840507,-322441305,-537363761,1266645234,128301681,-1832799934,-190587591,1237298949,-1171395021,-708816387,1588437011,755301194,-1919188458,-12246856,1347509338,804978253,-929456001,1946412857,578215061,-1457078390,1557864861,167316051,-1238490071,-1799666640,-1966943009,939460676,1125390315,-1520808409,-1094554202,-304940705,738237431,-1737259180,-647035077,-263325974,1746418367,760519963,-1346014205
224962918,-1642000347,-1308111887,-1772906917,1691925838,1880144994,-1606357445,574633251,1252632303,-1195352751,1259465296,1958654891,877692394,-246443394,288916488,1306823204,290237021,1102850124,92096285,-515908015
-6117132,279633369,-1979898330,55909200,1468561869,-1894277359,-386805588,-1231745037,-1353447219,-1536850095,-617735897,1057069500,-136589745,162271576,-46765959,782431975,-1833097450,1703059910,-433657656,-28101529,-1523037551,832141843,-452317346,-562603017,685695328,-369465661,-338288431,-2099974290,196542486,1307155671,-183471261,586368343,-2092135872,485653126,-1253149781,1465752256,-448314970,724770604,-690360460,-334238126,-189004336,1370820227,2113891044,-1362757471,1909721035,-2117053680,-165149728,-1118513723
-1334193185,1562617775,-875744215,872506709,-281751183,19824349,970267810,769193975,-1754612235,696693601,-341465149,1198787543,426501302,-954862335,-1822804881,-1512116524,-1383164715,1426350069,568587182,-1848319961,-1425423561,641771978,1015668164,-1143250452,-1333569600,-949766007,-238394241,1141022434,-1793484352,-1441527784,804615889,1025501294,2033348525,1383039455,908765597,-1658613531,1808950803,-297227602,-154101291,779855370,1323872711,-210875683,374856644,-1517727787,-1038311070,-603786060,1533873064,21419894,1669083629,-1201926899,1541591939,-1550280039,523418329,1530280504,1557527090,1688432362,1047127345,-913875682,2048577470,1629960666,-1998167534,554989736,-1977316623,2122629283,-267053990,-898356383,-41128916,-201198454,-1537957474,-628318375,1701296504,2018525027,563256930,2133201996,-419895334,-1601399718,504547715,270100484
858343663,2024409848,1697923323,-1434469466,-1716651454,1646143929,-966607037,-983862397,-1472593264,1391881470,-1169631318,687112389,-713407747,-1424450388,225688857,-269199601,-242530925,-1907288820,1005452348,-23386307,-364053622,396091837,1720135015,-1840679567,943561673,-269478933,-959815497,-272335765,-330996308,-1012021311,648849528,1963782686,-852145144,-1092448996,-575707706,285540735,-1890136981,-610326656,-1027064970,1234931103,-2121566553,1372903759,186305334,-2046815748,1717495953,1021292087,1068409074,-691817453,-329891322,-1555662612,34467961,1459706425,-202091218,-2138015721,-681572000,-118498390,-1415964924,2057033357,1566352678,-354509342,1709118485,987724484,1118008216,550384427,-696914553,1538644354,-556430986,668716663,1080894045,-780812330,-58419881,-2066767761,-958617352
434503369,462123467,-216720160,-1971163301,1131828156,-1424486685,426607812,-554697950,-2019842017,1323653254,1276703935,1563208275,-1843672117,1253707274,1111331036,267247215,472218272,-1727159132,85636060,-1686751949,-939922707
1571044918,-1050426031,-1741267435,1485185012,785731934,-992415133,1083414382,-1685907494,-195232951,298454044,-85238420,2009326234,376149553,-1339478848,-1515034370,1802987625,1116725397,1498221269,-1424529609,-2023536242,1526665603,-1031359974,1608380721,-888782214,831745305,1453676472,689348141,-2055979749,1317084488,409386423,641963007,1959895921,-1669770533,1690687923,1552628136,-1634154656
1560326862,1435562052,-768773176,-1481092252,-1337349400,-609880538,1391459026,-1989030196,-1951946995,1669519425,-1203612275,-326816703,-1765029073,-606333495,-301520712,-50321724,-35996396,-81077735,-1068776735,-122907773,-1248681327,-701697833,776693678,-963318621,-132755720,204298325,621509754,738214976,-1338420274,1264129594,1303734819,1896604593,1588586689,1568289377,2026653729,1286150928,1665195736,2125265920,1521067227,-953547528,1531384556,37879052,-661782731,1139819152,162730838,1883324380,-179911315,712831944,-2104169239,1714014988,2050288935
-666807518,-640518237,312244421,-435912140,2040829854,-2080406152,-1797882372,-907530453,-1282857781,1938985425,1552187812,-975682157,817786850,1081136204,-1417855794,2055880724,-228026860,1351992834,572006171,1899707135,-1987045117,-796485912,872292939,-618593718,-1869844877,-1262676615,-1845771500,-2133885991,-1520740543,-1981354863,1824076596,705950207,-794676845,1614830492,620435657,249299523,657832528,2032127215,-178295072,785790054,282587602,-281416075,-1263576245,-1948877404,1839405018,-1602473842,1746406838,-2098645958,2140402372,-1781149901,-1221985284,-173852888,638899707,-802829987,-1046540362,-1192866248,1905138606,872835751,2111674645,742196798,-1541929533,-1634383055,-533259535,-715027040,1437940236,1977674184,591348769,45569304,356273592
-1031230964,1974958264,-1500900341,2013467183,131733632,-674482898,33399889,-699693650,2026408642,-1323831991,-1009104113,832878235,1557078501,-177699909,-1959077252,-919266318,-339760033,945818912,1392840239,-1204373649,1056674521,-1293410753,2063791640,-590293132,-1232191931,2039822990,-1624007500,1253151535,1396656949,1509172987,-1899799428,-293575429,1363418731,-1810684695,1982830750,-185235705,-1449283924
1478544623,1995961909,-1280796711,-1161894647,700524831,-2049032380,-365769921,-330535168,-1325061331,101481008,1758163245,970009035,-1329664739,-2064902184,1949749190,549622563,111942120,-136288799,-986100967,-1240894318,1580842420,-828052262,613012078,2078533684,-1363647163,447810720,-1829941534,1666999745,1215185074,-2129757436,-293476554,733354954,278674779,-490305366,257567971,-512812734,1147554586,-337358797,1324713585,-1719858368,-1394720584,944255902,-1994102008,611422978
1248545771,-423869625,343898164,-217753893,-520638719,1147667283,1361722226,1391539508,654618577,924832307,-1744974581,1714772667,102005946,-1918676389,-1153143800,-1913945744,1793245231,-1879613562,2056057196,-943286978,1558849430,211899848,1161038780,598319913,1182856307,-1134086685,-1454952767,-564000829,113966021,2046638808,960510859,657559780,1371649968,-528567103,763700409,-143882599,1400459099,-753320738,1401361144,-12923044,2094250267,1194235628,537972169,1875551109,792812240,161665981,487353478,-46758912,-1388262257,-1789818619,-654011482,1749510208,742760833,-184667535,-400178625,89610099,751328010,-205451267,533230540,1227350263,-994055636,-46983802,-1227548112,1505961996,1642554158
1524577274,-541755703,-1439119496,-1875582561,333775594,-161969068,-1540355647,2110374146,1131783860,-1345775027,-1275613077,-207613455,1876402179,1840391562,1624422957,1103145241,1827012544,-1969144311,1160620274,1850144453,-486881645,-481181150,771413760,962567976,77674665,-1685282564,-778274212,371704825,1311975864,-1843572671,-572458387,-12659899,-1959754433,-499914475,2109504479,-928649344,-1269786862,1234673731,481609418,-1499118372,-348071915,-2121527879,-1247614190,-199172131,1308443463,1870591798,-1497348336,-2025072339,1072330498,1639682625,-64301967,-482219348,1251616384,1589342556,-1368989858,1828504011,-811163743,1652330617,572689373,731620122,1754949866,1875326125,-1679700618
1034238929,-1027239133,-1954564839,-1166772120,-1875910857,-1845857454,-354666177,-892376350,-1217092043,1908621426,651942990,-1143561109,1666881306,543505963,-1940859583,2127234726,-248676684,-1267936113,1102814856,1094674959,1185772495,-2011093174,-582283476,-957765042,378834682,-365073384,1919050294,512205775,-1101407600,1766110326,-177352623,10352274,1944370934,1121722012,1714724782,-320888257,458518305,383951273,-899559897,-1335177347,2100500826,-440604384,-2115323482
1554309189,-1111559277,1737321160,1692463854,127852574,1678010525,-417962564,-1967921963,-650984378,77847060,1136141681,-1169629414,-71323394,1278764159,-1598249744,-705213694,-1096710799,-1400872250,-1870947579,707987720,-2063353353,1585916200,1862683685,-1653102867,-1307746665,-1850016912,967054987,-1083677933,-974127666,800043627,-397861725,1234997515,-407148658,1935787156,753054124,-1678429332,1702144137,-2841071,1810590872,-1093542170,-686902866,270709730,1819477302,2085108374,-574131213,700718679,-1310433390,-1075662437,1213494357,2083882691,1637247387,127937000,1366694940,-696368018,-1747276026,-1036528549,-633779869,245466319,-569981070,-884905457,-811408425,-1878738182,723780301,789801709,1157200319
